#debyer-pattern x-ray lambda=0.73 cut-off=24.9
#from 0.1 to 2 step 0.01
0.105 3.50728e+06
0.115 3.49643e+06
0.125 3.48463e+06
0.135 3.47188e+06
0.145 3.45818e+06
0.155 3.44354e+06
0.165 3.42798e+06
0.175 3.4115e+06
0.185 3.39411e+06
0.195 3.37583e+06
0.205 3.35666e+06
0.215 3.33661e+06
0.225 3.31571e+06
0.235 3.29395e+06
0.245 3.27135e+06
0.255 3.24793e+06
0.265 3.22369e+06
0.275 3.19867e+06
0.285 3.17286e+06
0.295 3.14628e+06
0.305 3.11895e+06
0.315 3.09089e+06
0.325 3.06211e+06
0.335 3.03262e+06
0.345 3.00246e+06
0.355 2.97162e+06
0.365 2.94014e+06
0.375 2.90803e+06
0.385 2.8753e+06
0.395 2.84198e+06
0.405 2.80808e+06
0.415 2.77363e+06
0.425 2.73865e+06
0.435 2.70315e+06
0.445 2.66715e+06
0.455 2.63068e+06
0.465 2.59375e+06
0.475 2.55639e+06
0.485 2.51862e+06
0.495 2.48045e+06
0.505 2.44191e+06
0.515 2.40303e+06
0.525 2.36381e+06
0.535 2.32429e+06
0.545 2.28448e+06
0.555 2.24441e+06
0.565 2.2041e+06
0.575 2.16357e+06
0.585 2.12284e+06
0.595 2.08193e+06
0.605 2.04087e+06
0.615 1.99967e+06
0.625 1.95836e+06
0.635 1.91697e+06
0.645 1.8755e+06
0.655 1.83398e+06
0.665 1.79244e+06
0.675 1.7509e+06
0.685 1.70937e+06
0.695 1.66788e+06
0.705 1.62644e+06
0.715 1.58508e+06
0.725 1.54382e+06
0.735 1.50268e+06
0.745 1.46168e+06
0.755 1.42083e+06
0.765 1.38016e+06
0.775 1.33969e+06
0.785 1.29943e+06
0.795 1.2594e+06
0.805 1.21963e+06
0.815 1.18013e+06
0.825 1.14091e+06
0.835 1.102e+06
0.845 1.06341e+06
0.855 1.02515e+06
0.865 987253
0.875 949724
0.885 912579
0.895 875835
0.905 839506
0.915 803606
0.925 768149
0.935 733148
0.945 698617
0.955 664567
0.965 631012
0.975 597961
0.985 565428
0.995 533422
1.005 501954
1.015 471034
1.025 440670
1.035 410872
1.045 381648
1.055 353006
1.065 324953
1.075 297496
1.085 270642
1.095 244397
1.105 218765
1.115 193753
1.125 169364
1.135 145602
1.145 122472
1.155 99975.5
1.165 78115.6
1.175 56894.3
1.185 36313.3
1.195 16373.6
1.205 -2924.01
1.215 -21579.5
1.225 -39593
1.235 -56965.4
1.245 -73697.8
1.255 -89791.8
1.265 -105249
1.275 -120073
1.285 -134266
1.295 -147832
1.305 -160773
1.315 -173095
1.325 -184803
1.335 -195900
1.345 -206392
1.355 -216285
1.365 -225586
1.375 -234299
1.385 -242434
1.395 -249995
1.405 -256992
1.415 -263432
1.425 -269322
1.435 -274671
1.445 -279489
1.455 -283783
1.465 -287563
1.475 -290839
1.485 -293621
1.495 -295917
1.505 -297739
1.515 -299097
1.525 -300002
1.535 -300464
1.545 -300494
1.555 -300104
1.565 -299305
1.575 -298108
1.585 -296524
1.595 -294567
1.605 -292246
1.615 -289576
1.625 -286566
1.635 -283230
1.645 -279580
1.655 -275627
1.665 -271384
1.675 -266864
1.685 -262079
1.695 -257040
1.705 -251760
1.715 -246253
1.725 -240528
1.735 -234600
1.745 -228481
1.755 -222181
1.765 -215714
1.775 -209091
1.785 -202325
1.795 -195427
1.805 -188408
1.815 -181281
1.825 -174057
1.835 -166747
1.845 -159363
1.855 -151914
1.865 -144414
1.875 -136871
1.885 -129297
1.895 -121701
1.905 -114095
1.915 -106488
1.925 -98890.4
1.935 -91310.9
1.945 -83759.2
1.955 -76244.6
1.965 -68775.9
1.975 -61361.9
1.985 -54010.9
1.995 -46731.2
