#debyer-pattern x-ray lambda=0.73 cut-off=91.005
#from 0.1 to 2 step 0.01
0.105 291991
0.115 288372
0.125 284470
0.135 280296
0.145 275860
0.155 271176
0.165 266257
0.175 261117
0.185 255769
0.195 250229
0.205 244511
0.215 238631
0.225 232604
0.235 226446
0.245 220173
0.255 213800
0.265 207344
0.275 200821
0.285 194246
0.295 187634
0.305 181002
0.315 174364
0.325 167735
0.335 161129
0.345 154561
0.355 148043
0.365 141589
0.375 135210
0.385 128919
0.395 122727
0.405 116645
0.415 110681
0.425 104846
0.435 99148.4
0.445 93595
0.455 88193.2
0.465 82949.4
0.475 77869.1
0.485 72957.1
0.495 68217.7
0.505 63654
0.515 59269
0.525 55064.4
0.535 51041.7
0.545 47201.6
0.555 43543.9
0.565 40068.2
0.575 36773.3
0.585 33657.4
0.595 30718.3
0.605 27953.2
0.615 25358.9
0.625 22931.8
0.635 20667.8
0.645 18562.4
0.655 16611.1
0.665 14808.6
0.675 13149.8
0.685 11629.1
0.695 10240.9
0.705 8979.19
0.715 7838.09
0.725 6811.53
0.735 5893.37
0.745 5077.48
0.755 4357.71
0.765 3727.94
0.775 3182.11
0.785 2714.24
0.795 2318.45
0.805 1989
0.815 1720.27
0.825 1506.81
0.835 1343.36
0.845 1224.83
0.855 1146.36
0.865 1103.28
0.875 1091.16
0.885 1105.8
0.895 1143.22
0.905 1199.7
0.915 1271.77
0.925 1356.16
0.935 1449.9
0.945 1550.23
0.955 1654.63
0.965 1760.82
0.975 1866.74
0.985 1970.58
0.995 2070.71
1.005 2165.73
1.015 2254.44
1.025 2335.81
1.035 2409.03
1.045 2473.41
1.055 2528.46
1.065 2573.83
1.075 2609.28
1.085 2634.74
1.095 2650.23
1.105 2655.89
1.115 2651.93
1.125 2638.67
1.135 2616.51
1.145 2585.87
1.155 2547.28
1.165 2501.27
1.175 2448.44
1.185 2389.39
1.195 2324.75
1.205 2255.18
1.215 2181.32
1.225 2103.82
1.235 2023.33
1.245 1940.47
1.255 1855.86
1.265 1770.1
1.275 1683.74
1.285 1597.35
1.295 1511.41
1.305 1426.42
1.315 1342.82
1.325 1261.01
1.335 1181.37
1.345 1104.22
1.355 1029.87
1.365 958.565
1.375 890.539
1.385 825.971
1.395 765.011
1.405 707.776
1.415 654.347
1.425 604.777
1.435 559.086
1.445 517.27
1.455 479.295
1.465 445.107
1.475 414.628
1.485 387.76
1.495 364.388
1.505 344.379
1.515 327.59
1.525 313.863
1.535 303.03
1.545 294.918
1.555 289.344
1.565 286.123
1.575 285.065
1.585 285.981
1.595 288.68
1.605 292.972
1.615 298.672
1.625 305.595
1.635 313.564
1.645 322.405
1.655 331.953
1.665 342.046
1.675 352.532
1.685 363.268
1.695 374.118
1.705 384.955
1.715 395.66
1.725 406.125
1.735 416.25
1.745 425.946
1.755 435.129
1.765 443.73
1.775 451.683
1.785 458.936
1.795 465.442
1.805 471.163
1.815 476.069
1.825 480.139
1.835 483.356
1.845 485.714
1.855 487.21
1.865 487.848
1.875 487.638
1.885 486.596
1.895 484.74
1.905 482.096
1.915 478.692
1.925 474.558
1.935 469.731
1.945 464.247
1.955 458.147
1.965 451.472
1.975 444.266
1.985 436.575
1.995 428.443
