1.000000000000000056e-01 5.883346654287048239e+01
1.095477386934673447e-01 2.608587447633447809e+01
1.190954773869346839e-01 1.005543905016321027e+01
1.286432160804020230e-01 4.841513821186178568e+00
1.381909547738693345e-01 5.331005689238040191e+00
1.477386934673367014e-01 7.748632359570207129e+00
1.572864321608040128e-01 9.797558733195835146e+00
1.668341708542713520e-01 1.047983988781652975e+01
1.763819095477386911e-01 9.731147116752712378e+00
1.859296482412060303e-01 8.005918651837323097e+00
1.954773869346733695e-01 5.918124580705549143e+00
2.050251256281406809e-01 3.995981939031898467e+00
2.145728643216080478e-01 2.562699683256165262e+00
2.241206030150753592e-01 1.721354309853411202e+00
2.336683417085426984e-01 1.405169506445334227e+00
2.432160804020100375e-01 1.453450275352641041e+00
2.527638190954774045e-01 1.682924913998873118e+00
2.623115577889447159e-01 1.937865358673130478e+00
2.718592964824120273e-01 2.114812495422540906e+00
2.814070351758793942e-01 2.166064907322261313e+00
2.909547738693467611e-01 2.089695680836600289e+00
3.005025125628140170e-01 1.913784233380726230e+00
3.100502512562813839e-01 1.680491289671232957e+00
3.195979899497487509e-01 1.433107586897651053e+00
3.291457286432160623e-01 1.207215258397167590e+00
3.386934673366833737e-01 1.025913607644686421e+00
3.482412060301507406e-01 8.985347117671160788e-01
3.577889447236181075e-01 8.221025817612422903e-01
3.673366834170853634e-01 7.847194246573671039e-01
3.768844221105527303e-01 7.699884517943137441e-01
3.864321608040200973e-01 7.615305103671666798e-01
3.959798994974874642e-01 7.467032236795930755e-01
4.055276381909547201e-01 7.188447802931245967e-01
4.150753768844220870e-01 6.777298050247251293e-01
4.246231155778894539e-01 6.283616492943474574e-01
4.341708542713567098e-01 5.786163363237855073e-01
4.437185929648240768e-01 5.364894765299572654e-01
4.532663316582914437e-01 5.077181768730559819e-01
4.628140703517588106e-01 4.943621269299147136e-01
4.723618090452260665e-01 4.946003824121863457e-01
4.819095477386934334e-01 5.036379324851167905e-01
4.914572864321608003e-01 5.153250251538404880e-01
5.010050251256280562e-01 5.239470548453970533e-01
5.105527638190954232e-01 5.256672853131455492e-01
5.201005025125627901e-01 5.192701883154978715e-01
5.296482412060301570e-01 5.060939651034233044e-01
5.391959798994974129e-01 4.892786637648813275e-01
5.487437185929647798e-01 4.726254702058782509e-01
5.582914572864321467e-01 4.594271091712736621e-01
5.678391959798994026e-01 4.515875930122107418e-01
5.773869346733667696e-01 4.492294676174156676e-01
5.869346733668341365e-01 4.508318628766466163e-01
5.964824120603015034e-01 4.537981657540731684e-01
6.060301507537687593e-01 4.552529802547518600e-01
6.155778894472361262e-01 4.528326169514722555e-01
6.251256281407034932e-01 4.452621978343349607e-01
6.346733668341707491e-01 4.325909098447808798e-01
6.442211055276381160e-01 4.160602555249208190e-01
6.537688442211054829e-01 3.976798711460675095e-01
6.633165829145727388e-01 3.796560881026527778e-01
6.728643216080401057e-01 3.638433013206174849e-01
6.824120603015074726e-01 3.513637739777481506e-01
6.919597989949748396e-01 3.424780349935885870e-01
7.015075376884420955e-01 3.367066866427620986e-01
7.110552763819094624e-01 3.331308479503115039e-01
7.206030150753768293e-01 3.307545806427910628e-01
7.301507537688440852e-01 3.288097575416256690e-01
7.396984924623114521e-01 3.269191287516309830e-01
7.492462311557788190e-01 3.250915092436157949e-01
7.587939698492461860e-01 3.235822697198416087e-01
7.683417085427134419e-01 3.226925325488749774e-01
7.778894472361808088e-01 3.225902262898592832e-01
7.874371859296481757e-01 3.232159849851840017e-01
7.969849246231154316e-01 3.242978005602543679e-01
8.065326633165827985e-01 3.254565037037094877e-01
8.160804020100501655e-01 3.263542655776444645e-01
8.256281407035175324e-01 3.268285580896199138e-01
8.351758793969847883e-01 3.269643056290111871e-01
8.447236180904521552e-01 3.270807073767755813e-01
8.542713567839195221e-01 3.276370684062450134e-01
8.638190954773868890e-01 3.290856297281875009e-01
8.733668341708541449e-01 3.317136759049666428e-01
8.829145728643215119e-01 3.355202821706855798e-01
8.924623115577888788e-01 3.401653575936210427e-01
9.020100502512561347e-01 3.450118072645196321e-01
9.115577889447235016e-01 3.492584135422775460e-01
9.211055276381908685e-01 3.521357585495424325e-01
9.306532663316582354e-01 3.531163532628732171e-01
9.402010050251254913e-01 3.520801066285965675e-01
9.497487437185928583e-01 3.493827381548221811e-01
9.592964824120602252e-01 3.457985255897068622e-01
9.688442211055274811e-01 3.423444087036411898e-01
9.783919597989948480e-01 3.400290488687201518e-01
9.879396984924622149e-01 3.395953274850023740e-01
9.974874371859295819e-01 3.413286233600117958e-01
1.007035175879396949e+00 3.449841424997515671e-01
1.016582914572864205e+00 3.498511912657385481e-01
1.026130653266331683e+00 3.549330426039711828e-01
1.035678391959798939e+00 3.591910562852951849e-01
1.045226130653266194e+00 3.617894912687271702e-01
1.054773869346733672e+00 3.622840745573651100e-01
1.064321608040200928e+00 3.607172694488272047e-01
1.073869346733668184e+00 3.576076469088356746e-01
1.083417085427135662e+00 3.538423838452188219e-01
1.092964824120602918e+00 3.504972321140374936e-01
1.102512562814070396e+00 3.486177442948588112e-01
1.112060301507537652e+00 3.490010554368415119e-01
1.121608040201004908e+00 3.520197877051121083e-01
1.131155778894472386e+00 3.575268324762036487e-01
1.140703517587939642e+00 3.648687048399321120e-01
1.150251256281407120e+00 3.730142601355654342e-01
1.159798994974874375e+00 3.807774864636053747e-01
1.169346733668341631e+00 3.870853584562718441e-01
1.178894472361809109e+00 3.912243663999459553e-01
1.188442211055276365e+00 3.930004705942582999e-01
1.197989949748743621e+00 3.927689651642101709e-01
1.207537688442211099e+00 3.913273104348121700e-01
1.217085427135678355e+00 3.897035208374274307e-01
1.226633165829145611e+00 3.889017407338644094e-01
1.236180904522613089e+00 3.896755851939575077e-01
1.245728643216080345e+00 3.923865719009585473e-01
1.255276381909547601e+00 3.969754121336286357e-01
1.264824120603015079e+00 4.030391348246681882e-01
1.274371859296482334e+00 4.099786442557539212e-01
1.283919597989949812e+00 4.171673139177817791e-01
1.293467336683417068e+00 4.240935931448037710e-01
1.303015075376884324e+00 4.304457478381964464e-01
1.312562814070351802e+00 4.361279179198472300e-01
1.322110552763819058e+00 4.412165300259420775e-01
1.331658291457286314e+00 4.458796775533611645e-01
1.341206030150753792e+00 4.502872913081865658e-01
1.350753768844221048e+00 4.545373606395722299e-01
1.360301507537688304e+00 4.586153672908411250e-01
1.369849246231155782e+00 4.623933077872719455e-01
1.379396984924623037e+00 4.656639501957381411e-01
1.388944723618090515e+00 4.681975842196244852e-01
1.398492462311557771e+00 4.698040985029012240e-01
1.408040201005025027e+00 4.703834848603630769e-01
1.417587939698492505e+00 4.699524563114828024e-01
1.427135678391959761e+00 4.686422857908909001e-01
1.436683417085427017e+00 4.666709539171980392e-01
1.446231155778894495e+00 4.642988689237260158e-01
1.455778894472361751e+00 4.617801334870511587e-01
1.465326633165829007e+00 4.593202231425407289e-01
1.474874371859296485e+00 4.570470292388787437e-01
1.484422110552763741e+00 4.549974203408769791e-01
1.493969849246230996e+00 4.531177510792404051e-01
1.503517587939698474e+00 4.512752660932377591e-01
1.513065326633165730e+00 4.492780245424906060e-01
1.522613065326633208e+00 4.469025870530978772e-01
1.532160804020100464e+00 4.439295522729458932e-01
1.541708542713567720e+00 4.401858042550230166e-01
1.551256281407035198e+00 4.355888991339778027e-01
1.560804020100502454e+00 4.301846668435695964e-01
1.570351758793969710e+00 4.241661318031307859e-01
1.579899497487437188e+00 4.178626085635054332e-01
1.589447236180904444e+00 4.116935174041859713e-01
1.598994974874371700e+00 4.060913091173456446e-01
1.608542713567839177e+00 4.014090061234921181e-01
1.618090452261306433e+00 3.978361160906927485e-01
1.627638190954773911e+00 3.953482169292077963e-01
1.637185929648241167e+00 3.937085206914807123e-01
1.646733668341708423e+00 3.925254766565819953e-01
1.656281407035175901e+00 3.913532642685222940e-01
1.665829145728643157e+00 3.898077749995340069e-01
1.675376884422110413e+00 3.876647159800425957e-01
1.684924623115577891e+00 3.849113603903555614e-01
1.694472361809045147e+00 3.817378717583107539e-01
1.704020100502512403e+00 3.784731501448719837e-01
1.713567839195979881e+00 3.754871705212481925e-01
1.723115577889447136e+00 3.730909820570434410e-01
1.732663316582914392e+00 3.714640534814074857e-01
1.742211055276381870e+00 3.706275482405183563e-01
1.751758793969849126e+00 3.704657846034092872e-01
1.761306532663316604e+00 3.707824868981483557e-01
1.770854271356783860e+00 3.713686668821550851e-01
1.780402010050251116e+00 3.720578414000151879e-01
1.789949748743718594e+00 3.727514111793682194e-01
1.799497487437185850e+00 3.734093414914678166e-01
1.809045226130653106e+00 3.740143393057269172e-01
1.818592964824120584e+00 3.745271706317354066e-01
1.828140703517587839e+00 3.748536610291213211e-01
1.837688442211055095e+00 3.748394774648726724e-01
1.847236180904522573e+00 3.742984973169019014e-01
1.856783919597989829e+00 3.730677829995523442e-01
1.866331658291457085e+00 3.710711868921836021e-01
1.875879396984924563e+00 3.683683772483941632e-01
1.885427135678391819e+00 3.651689153018352063e-01
1.894974874371859297e+00 3.618015903239382158e-01
1.904522613065326553e+00 3.586443286336838399e-01
1.914070351758793809e+00 3.560344040443286229e-01
1.923618090452261287e+00 3.541869223172137149e-01
1.933165829145728543e+00 3.531480760312220579e-01
1.942713567839195798e+00 3.527984592706429057e-01
1.952261306532663276e+00 3.529046356457370970e-01
1.961809045226130532e+00 3.532005405551397192e-01
1.971356783919597788e+00 3.534705529722928508e-01
1.980904522613065266e+00 3.536069161337733746e-01
1.990452261306532522e+00 3.536250604704624934e-01
2.000000000000000000e+00 3.536366590384777409e-01
