Q (Å⁻¹)  S(Q)
1.000000000000000056e-01 1.740743642499489486e+08
1.095477386934673447e-01 7.594545140114642680e+07
1.190954773869346839e-01 2.843579461227889732e+07
1.286432160804020230e-01 1.349214532592253946e+07
1.381909547738693345e-01 1.554513846668434329e+07
1.477386934673367014e-01 2.316260830355484784e+07
1.572864321608040128e-01 2.944590444361198694e+07
1.668341708542713520e-01 3.145250170084987953e+07
1.763819095477386911e-01 2.906236934431986883e+07
1.859296482412060303e-01 2.370584338319587335e+07
1.954773869346733695e-01 1.727186660046382248e+07
2.050251256281406809e-01 1.136981896977322735e+07
2.145728643216080478e-01 6.976593181180124171e+06
2.241206030150753592e-01 4.398317506227698177e+06
2.336683417085426984e-01 3.427100755099147093e+06
2.432160804020100375e-01 3.572204454477984924e+06
2.527638190954774045e-01 4.275287880582882091e+06
2.623115577889447159e-01 5.061036201902886853e+06
2.718592964824120273e-01 5.611735232395360246e+06
2.814070351758793942e-01 5.778687683966649696e+06
2.909547738693467611e-01 5.553473315390746109e+06
3.005025125628140170e-01 5.021445298141493462e+06
3.100502512562813839e-01 4.313762923614121042e+06
3.195979899497487509e-01 3.567195551987058949e+06
3.291457286432160623e-01 2.895472622649196535e+06
3.386934673366833737e-01 2.372742543653146364e+06
3.482412060301507406e-01 2.028167643206543755e+06
3.577889447236181075e-01 1.849912485228181351e+06
3.673366834170853634e-01 1.796148418972837040e+06
3.768844221105527303e-01 1.810059349445841508e+06
3.864321608040200973e-01 1.835419659084960120e+06
3.959798994974874642e-01 1.829440650086323963e+06
4.055276381909547201e-01 1.770401553563797614e+06
4.150753768844220870e-01 1.658975125282088062e+06
4.246231155778894539e-01 1.513770172066166997e+06
4.341708542713567098e-01 1.362993732753924793e+06
4.437185929648240768e-01 1.234907699735227274e+06
4.532663316582914437e-01 1.149742533788334113e+06
4.628140703517588106e-01 1.115004328263617121e+06
4.723618090452260665e-01 1.124945567092423327e+06
4.819095477386934334e-01 1.163740722054271027e+06
4.914572864321608003e-01 1.210968151893739821e+06
5.010050251256280562e-01 1.247575224262620788e+06
5.105527638190954232e-01 1.260640940209444147e+06
5.201005025125627901e-01 1.245828122279606760e+06
5.296482412060301570e-01 1.207206914580518613e+06
5.391959798994974129e-01 1.154881928597991355e+06
5.487437185929647798e-01 1.101370160202541156e+06
5.582914572864321467e-01 1.057859296560017392e+06
5.678391959798994026e-01 1.031336660136213060e+06
5.773869346733667696e-01 1.023209683331723441e+06
5.869346733668341365e-01 1.029571058417026070e+06
5.964824120603015034e-01 1.042825634856406599e+06
6.060301507537687593e-01 1.054090705402195221e+06
6.155778894472361262e-01 1.055659729931936599e+06
6.251256281407034932e-01 1.042887025236363639e+06
6.346733668341707491e-01 1.015070780000911327e+06
6.442211055276381160e-01 9.752164891174720833e+05
6.537688442211054829e-01 9.288697110624741763e+05
6.633165829145727388e-01 8.824364341253717430e+05
6.728643216080401057e-01 8.415047104686441598e+05
6.824120603015074726e-01 8.096245308634979883e+05
6.919597989949748396e-01 7.878204987579799490e+05
7.015075376884420955e-01 7.748667920520278858e+05
7.110552763819094624e-01 7.681258108986960724e+05
7.206030150753768293e-01 7.646105649537139107e+05
7.301507537688440852e-01 7.619129918758645654e+05
7.396984924623114521e-01 7.587387219498632476e+05
7.492462311557788190e-01 7.549573445921033854e+05
7.587939698492461860e-01 7.512506870962042594e+05
7.683417085427134419e-01 7.485605436365333153e+05
7.778894472361808088e-01 7.475689675481206505e+05
7.874371859296481757e-01 7.483912770215555793e+05
7.969849246231154316e-01 7.505564326018558349e+05
8.065326633165827985e-01 7.532367001203763066e+05
8.160804020100501655e-01 7.556081196293419925e+05
8.256281407035175324e-01 7.571958785833318252e+05
8.351758793969847883e-01 7.580825634336203802e+05
8.447236180904521552e-01 7.589145265726656653e+05
8.542713567839195221e-01 7.607087893240755657e+05
8.638190954773868890e-01 7.645204429896948859e+05
8.733668341708541449e-01 7.710671221438253997e+05
8.829145728643215119e-01 7.804188846610951005e+05
8.924623115577888788e-01 7.918488238910926739e+05
9.020100502512561347e-01 8.039038231471678009e+05
9.115577889447235016e-01 8.147004085534419864e+05
9.211055276381908685e-01 8.223871048598393099e+05
9.306532663316582354e-01 8.256578572366927983e+05
9.402010050251254913e-01 8.241703191500585526e+05
9.497487437185928583e-01 8.187339105610941770e+05
9.592964824120602252e-01 8.111892644533223938e+05
9.688442211055274811e-01 8.039897288141895551e+05
9.783919597989948480e-01 7.995889973332447698e+05
9.879396984924622149e-01 7.998038547457148088e+05
9.974874371859295819e-01 8.053331245416209567e+05
1.007035175879396949e+00 8.155680649576932192e+05
1.016582914572864205e+00 8.287422387675133068e+05
1.026130653266331683e+00 8.423714648146764375e+05
1.035678391959798939e+00 8.538593551382126752e+05
1.045226130653266194e+00 8.611119874533100519e+05
1.054773869346733672e+00 8.630190321653295541e+05
1.064321608040200928e+00 8.597048154870467260e+05
1.073869346733668184e+00 8.525111733683863422e+05
1.083417085427135662e+00 8.437277023890701821e+05
1.092964824120602918e+00 8.361264580506903585e+05
1.102512562814070396e+00 8.323877170451232232e+05
1.112060301507537652e+00 8.345236779936454259e+05
1.121608040201004908e+00 8.434165218274779618e+05
1.131155778894472386e+00 8.585790726796293166e+05
1.140703517587939642e+00 8.782121103586155223e+05
1.150251256281407120e+00 8.995703876577308401e+05
1.159798994974874375e+00 9.195702913628682727e+05
1.169346733668341631e+00 9.354987094019012293e+05
1.178894472361809109e+00 9.456422442561241332e+05
1.188442211055276365e+00 9.496679810170886340e+05
1.197989949748743621e+00 9.486531706476176623e+05
1.207537688442211099e+00 9.447621545621077530e+05
1.217085427135678355e+00 9.406709750820782501e+05
1.226633165829145611e+00 9.389085569675298175e+05
1.236180904522613089e+00 9.412960435937428847e+05
1.245728643216080345e+00 9.486218437275106553e+05
1.255276381909547601e+00 9.606084779330478050e+05
1.264824120603015079e+00 9.761389331232995028e+05
1.274371859296482334e+00 9.936440397928482853e+05
1.283919597989949812e+00 1.011525538316261605e+06
1.293467336683417068e+00 1.028502985747042228e+06
1.303015075376884324e+00 1.043814100180782378e+06
1.312562814070351802e+00 1.057249182466035942e+06
1.322110552763819058e+00 1.069044427109779092e+06
1.331658291457286314e+00 1.079686654541434953e+06
1.341206030150753792e+00 1.089691371252128622e+06
1.350753768844221048e+00 1.099410471999209374e+06
1.360301507537688304e+00 1.108910585352712078e+06
1.369849246231155782e+00 1.117942753266246058e+06
1.379396984924623037e+00 1.126002433927679202e+06
1.388944723618090515e+00 1.132458860044596950e+06
1.398492462311557771e+00 1.136717902180672158e+06
1.408040201005025027e+00 1.138376063218000112e+06
1.417587939698492505e+00 1.137327106439855648e+06
1.427135678391959761e+00 1.133796519474698231e+06
1.436683417085427017e+00 1.128298824721152196e+06
1.446231155778894495e+00 1.121532728408421390e+06
1.455778894472361751e+00 1.114243207775563700e+06
1.465326633165829007e+00 1.107084058961745119e+06
1.474874371859296485e+00 1.100509050497571006e+06
1.484422110552763741e+00 1.094708076080404688e+06
1.493969849246230996e+00 1.089591858924474567e+06
1.503517587939698474e+00 1.084819540587364696e+06
1.513065326633165730e+00 1.079859997413037578e+06
1.522613065326633208e+00 1.074078764557318296e+06
1.532160804020100464e+00 1.066844431913758162e+06
1.541708542713567720e+00 1.057647486019734759e+06
1.551256281407035198e+00 1.046219065061609959e+06
1.560804020100502454e+00 1.032628679072783794e+06
1.570351758793969710e+00 1.017333429822994163e+06
1.579899497487437188e+00 1.001152444284487749e+06
1.589447236180904444e+00 9.851528659861035412e+05
1.598994974874371700e+00 9.704569354456622386e+05
1.608542713567839177e+00 9.580070893994410289e+05
1.618090452261306433e+00 9.483475307810901431e+05
1.627638190954773911e+00 9.414863634313838556e+05
1.637185929648241167e+00 9.368867129232712323e+05
1.646733668341708423e+00 9.336005584101001732e+05
1.656281407035175901e+00 9.305154884099661140e+05
1.665829145728643157e+00 9.266471653087082086e+05
1.675376884422110413e+00 9.213929521666200599e+05
1.684924623115577891e+00 9.146723565509857144e+05
1.694472361809045147e+00 9.069151883390394505e+05
1.704020100502512403e+00 8.989067438657591119e+05
1.713567839195979881e+00 8.915440272544745822e+05
1.723115577889447136e+00 8.855824991156002507e+05
1.732663316582914392e+00 8.814508197216833942e+05
1.742211055276381870e+00 8.791833642364430707e+05
1.751758793969849126e+00 8.784778061256174697e+05
1.761306532663316604e+00 8.788432787889272440e+05
1.770854271356783860e+00 8.797777995988926850e+05
1.780402010050251116e+00 8.809098865572868381e+05
1.789949748743718594e+00 8.820582582669848343e+05
1.799497487437185850e+00 8.831971733221771428e+05
1.809045226130653106e+00 8.843509499018033966e+05
1.818592964824120584e+00 8.854670948879411444e+05
1.828140703517587839e+00 8.863247639074038016e+05
1.837688442211055095e+00 8.865218474180839257e+05
1.847236180904522573e+00 8.855545603213742143e+05
1.856783919597989829e+00 8.829680625214538304e+05
1.866331658291457085e+00 8.785276507433517836e+05
1.875879396984924563e+00 8.723480470446014078e+05
1.885427135678391819e+00 8.649284972569092643e+05
1.894974874371859297e+00 8.570713862837241031e+05
1.904522613065326553e+00 8.497020669924431713e+05
1.914070351758793809e+00 8.436433703713013092e+05
1.923618090452261287e+00 8.394162624631937360e+05
1.933165829145728543e+00 8.371308010003403760e+05
1.942713567839195798e+00 8.365008289742771303e+05
1.952261306532663276e+00 8.369728735161391087e+05
1.961809045226130532e+00 8.379207786442120560e+05
1.971356783919597788e+00 8.388375701290790457e+05
1.980904522613065266e+00 8.394621935293314746e+05
1.990452261306532522e+00 8.398076331410137936e+05
2.000000000000000000e+00 8.400958819411671720e+05
